{
    "samples": [
        {
            "x": 3.281221628189087,
            "y": 5.528106212615967,
            "heading": 5.13888207054795e-40,
            "angularVelocity": -6.178866821396106e-36,
            "velocityX": -2.5630111379739714e-35,
            "velocityY": 9.223011640480864e-34,
            "timestamp": 0
        },
        {
            "x": 3.3120737075805664,
            "y": 5.532037258148193,
            "heading": -2.3214388104320024e-34,
            "angularVelocity": -4.150052493362329e-33,
            "velocityX": 0.5051590145750787,
            "velocityY": 0.06436529162626166,
            "timestamp": 0.061073995516898405
        },
        {
            "x": 3.3120737075805664,
            "y": 5.532037258148193,
            "heading": 0,
            "angularVelocity": 3.871516863163141e-33,
            "velocityX": -3.4558352789324e-35,
            "velocityY": 2.601461282871426e-34,
            "timestamp": 0.12214799103379681
        }
    ]
}